%YAML:1.0
rotation: !!opencv-matrix
   rows: 3
   cols: 3
   dt: d
   data: [ 9.9839213500855062e-01, -1.4559269226211216e-02,
       5.4782957502007790e-02, 1.1685415881376948e-02,
       9.9855684402079736e-01, 5.2418320412850203e-02,
       -5.5467069588606865e-02, -5.1693877188925028e-02,
       9.9712143054516134e-01 ]
translation: !!opencv-matrix
   rows: 3
   cols: 1
   dt: d
   data: [ -6.8596239039116103e-02, -6.0616510428459364e-04,
       2.7118760163888483e-01 ]
essential: !!opencv-matrix
   rows: 3
   cols: 3
   dt: d
   data: [ -3.1353177050020111e-03, -2.7076490060563690e-01,
       -1.4819618810630257e-02, 2.6694673622379522e-01,
       -7.4942988595812551e-03, 8.3255238856355746e-02,
       -1.9638510843604051e-04, -6.8506069287544796e-02,
       -3.5624921199216286e-03 ]
fundamental: !!opencv-matrix
   rows: 3
   cols: 3
   dt: d
   data: [ 2.3940684810281492e-07, 2.0348868437416677e-05,
       -4.1507529643463681e-03, -2.0653622590873655e-05,
       5.7068375921917894e-07, 3.1934857568228694e-03,
       1.0702863945363907e-02, -1.3432585682980069e-02, 1. ]
