%YAML:1.0
cameraMatrix: !!opencv-matrix
   rows: 3
   cols: 3
   dt: d
   data: [ 1.1815877355135485e+03, 0., 9.4425142207778299e+02, 0.,
       1.1661364416345721e+03, 5.2829500241538744e+02, 0., 0., 1. ]
distortionCoefficients: !!opencv-matrix
   rows: 1
   cols: 5
   dt: d
   data: [ 8.6557282460626953e-02, -2.5122412407456940e-01,
       -5.1839210372265528e-03, -1.0168374584955640e-02,
       5.2892922283588939e-02 ]
rotation: !!opencv-matrix
   rows: 3
   cols: 3
   dt: d
   data: [ 1., 0., 0., 0., 1., 0., 0., 0., 1. ]
projection: !!opencv-matrix
   rows: 4
   cols: 4
   dt: d
   data: [ 1.1815877355135485e+03, 0., 9.4425142207778299e+02, 0., 0.,
       1.1661364416345721e+03, 5.2829500241538744e+02, 0., 0., 0., 1.,
       0., 0., 0., 0., 1. ]
