%YAML:1.0
cameraMatrix: !!opencv-matrix
   rows: 3
   cols: 3
   dt: d
   data: [ 3.2606582505804238e+02, 0., 2.6236629582416532e+02, 0.,
       3.3129310618346057e+02, 2.1902525047466364e+02, 0., 0., 1. ]
distortionCoefficients: !!opencv-matrix
   rows: 1
   cols: 5
   dt: d
   data: [ 5.3787174528981088e-02, -4.8378616081253274e-02,
       1.7529039540702743e-02, -3.0182666463447537e-03,
       -6.6098886500614878e-02 ]
rotation: !!opencv-matrix
   rows: 3
   cols: 3
   dt: d
   data: [ 1., 0., 0., 0., 1., 0., 0., 0., 1. ]
projection: !!opencv-matrix
   rows: 4
   cols: 4
   dt: d
   data: [ 3.2606582505804238e+02, 0., 2.6236629582416532e+02, 0., 0.,
       3.3129310618346057e+02, 2.1902525047466364e+02, 0., 0., 0., 1.,
       0., 0., 0., 0., 1. ]
