%YAML:1.0
depthShift: -4.6817102556903535e+01
