%YAML:1.0
rotation: !!opencv-matrix
   rows: 3
   cols: 3
   dt: d
   data: [ 9.9876363219751629e-01, -1.3356359757764995e-03,
       4.9693290051722940e-02, 1.1212609138827210e-03,
       9.9998994663161278e-01, 4.3415906839905137e-03,
       -4.9698589251481302e-02, -4.2805037372400335e-03,
       9.9875508885520481e-01 ]
translation: !!opencv-matrix
   rows: 3
   cols: 1
   dt: d
   data: [ -5.1830893595691013e-02, 5.5983541531669147e-04,
       1.7264396731831732e-02 ]
essential: !!opencv-matrix
   rows: 3
   cols: 3
   dt: d
   data: [ -4.7180923611424204e-05, -1.7266619544078904e-02,
       4.8418352595327573e-04, 1.4667129296233709e-02,
       -2.4492128311595857e-04, 5.2624293412971972e-02,
       -6.1725920795496639e-04, -5.1829624784302648e-02,
       -2.5284858845251481e-04 ]
fundamental: !!opencv-matrix
   rows: 3
   cols: 3
   dt: d
   data: [ 2.2466512568375566e-07, 8.3060640214014175e-05,
       -1.7835866233142084e-02, -7.0542611744676579e-05,
       1.1900129023861524e-06, -8.5238359531201596e-02,
       4.1126968741437189e-02, 2.2268526094536278e-01, 1. ]
