%YAML:1.0
cameraMatrix: !!opencv-matrix
   rows: 3
   cols: 3
   dt: d
   data: [ 1.1846934554487163e+03, 0., 8.6744131135864313e+02, 0.,
       1.1729211016631493e+03, 5.3640968448744104e+02, 0., 0., 1. ]
distortionCoefficients: !!opencv-matrix
   rows: 1
   cols: 5
   dt: d
   data: [ 1.0215657929259361e-01, 4.8181696335061808e-02,
       3.0931519082732421e-04, -2.3356472209543826e-02,
       -1.4201707690710286e-01 ]
rotation: !!opencv-matrix
   rows: 3
   cols: 3
   dt: d
   data: [ 1., 0., 0., 0., 1., 0., 0., 0., 1. ]
projection: !!opencv-matrix
   rows: 4
   cols: 4
   dt: d
   data: [ 1.1846934554487163e+03, 0., 8.6744131135864313e+02, 0., 0.,
       1.1729211016631493e+03, 5.3640968448744104e+02, 0., 0., 0., 1.,
       0., 0., 0., 0., 1. ]
