%YAML:1.0
cameraMatrix: !!opencv-matrix
   rows: 3
   cols: 3
   dt: d
   data: [ 4.0456875059895737e+02, 0., 2.4665230270523875e+02, 0.,
       4.0047333501049178e+02, 2.0283600592219724e+02, 0., 0., 1. ]
distortionCoefficients: !!opencv-matrix
   rows: 1
   cols: 5
   dt: d
   data: [ 1.1991440863681493e-01, -1.9882809070129612e-01,
       6.4067589693557079e-03, -4.3962530844443232e-03,
       -2.0741998220647520e-01 ]
rotation: !!opencv-matrix
   rows: 3
   cols: 3
   dt: d
   data: [ 1., 0., 0., 0., 1., 0., 0., 0., 1. ]
projection: !!opencv-matrix
   rows: 4
   cols: 4
   dt: d
   data: [ 4.0456875059895737e+02, 0., 2.4665230270523875e+02, 0., 0.,
       4.0047333501049178e+02, 2.0283600592219724e+02, 0., 0., 0., 1.,
       0., 0., 0., 0., 1. ]
