%YAML:1.0
depthShift: 6.1364151545071842e+01
