%YAML:1.0
depthShift: 1.2315955419094273e+01
