%YAML:1.0
cameraMatrix: !!opencv-matrix
   rows: 3
   cols: 3
   dt: d
   data: [ 5.2012712860798456e+02, 0., 2.5090840672699471e+02, 0.,
       5.0379462947957603e+02, 2.1948441526950410e+02, 0., 0., 1. ]
distortionCoefficients: !!opencv-matrix
   rows: 1
   cols: 5
   dt: d
   data: [ 2.2509066429095900e-01, 4.9234459328973507e-01,
       4.3100136047448572e-03, -2.1719846157282209e-02,
       -4.7362648804436915e+00 ]
rotation: !!opencv-matrix
   rows: 3
   cols: 3
   dt: d
   data: [ 1., 0., 0., 0., 1., 0., 0., 0., 1. ]
projection: !!opencv-matrix
   rows: 4
   cols: 4
   dt: d
   data: [ 5.2012712860798456e+02, 0., 2.5090840672699471e+02, 0., 0.,
       5.0379462947957603e+02, 2.1948441526950410e+02, 0., 0., 0., 1.,
       0., 0., 0., 0., 1. ]
