%YAML:1.0
rotation: !!opencv-matrix
   rows: 3
   cols: 3
   dt: d
   data: [ 9.9994834086405704e-01, 9.4376257307574943e-03,
       3.7744964943412992e-03, -9.4048652443250724e-03,
       9.9991874802000125e-01, -8.6049908686381075e-03,
       -3.8554004922623794e-03, 8.5690477113506015e-03,
       9.9995585267968956e-01 ]
translation: !!opencv-matrix
   rows: 3
   cols: 1
   dt: d
   data: [ -4.1112404818613647e-02, 2.0653408293382528e-02,
       -4.5555254278799767e-01 ]
essential: !!opencv-matrix
   rows: 3
   cols: 3
   dt: d
   data: [ -4.3640374371319525e-03, 4.5569250828297064e-01,
       1.6732471029875511e-02, -4.5568751412303643e-01,
       -3.9470402411089511e-03, 3.9391108340367825e-02,
       -2.0265684728966612e-02, -4.1303983491857092e-02,
       2.7581565085235189e-04 ]
fundamental: !!opencv-matrix
   rows: 3
   cols: 3
   dt: d
   data: [ -1.6683616564111875e-07, 1.7985793123380758e-05,
       -3.5730265028242583e-03, -1.7788909033665700e-05,
       -1.5907784975090267e-07, 5.2981175714151606e-03,
       9.2390986793713138e-03, -1.8545113901214803e-02, 1. ]
