%YAML:1.0
cameraMatrix: !!opencv-matrix
   rows: 3
   cols: 3
   dt: d
   data: [ 1.1603722421533605e+03, 0., 9.3088518609763537e+02, 0.,
       1.1363624605303669e+03, 5.6118082898452133e+02, 0., 0., 1. ]
distortionCoefficients: !!opencv-matrix
   rows: 1
   cols: 5
   dt: d
   data: [ -2.5807839371331912e-02, 9.0092835858541498e-01,
       1.7985383901718346e-03, -1.9119267851951446e-02,
       -2.5756209085743946e+00 ]
rotation: !!opencv-matrix
   rows: 3
   cols: 3
   dt: d
   data: [ 1., 0., 0., 0., 1., 0., 0., 0., 1. ]
projection: !!opencv-matrix
   rows: 4
   cols: 4
   dt: d
   data: [ 1.1603722421533605e+03, 0., 9.3088518609763537e+02, 0., 0.,
       1.1363624605303669e+03, 5.6118082898452133e+02, 0., 0., 0., 1.,
       0., 0., 0., 0., 1. ]
