%YAML:1.0
cameraMatrix: !!opencv-matrix
   rows: 3
   cols: 3
   dt: d
   data: [ 3.9395991521707191e+02, 0., 2.3856628826443580e+02, 0.,
       3.9146285891063206e+02, 2.0293597705426248e+02, 0., 0., 1. ]
distortionCoefficients: !!opencv-matrix
   rows: 1
   cols: 5
   dt: d
   data: [ 1.4151343465580862e-01, -2.7975173329021746e-01,
       1.1329377510685024e-03, -7.3177791694826761e-03,
       5.3095974327091643e-02 ]
rotation: !!opencv-matrix
   rows: 3
   cols: 3
   dt: d
   data: [ 1., 0., 0., 0., 1., 0., 0., 0., 1. ]
projection: !!opencv-matrix
   rows: 4
   cols: 4
   dt: d
   data: [ 3.9395991521707191e+02, 0., 2.3856628826443580e+02, 0., 0.,
       3.9146285891063206e+02, 2.0293597705426248e+02, 0., 0., 0., 1.,
       0., 0., 0., 0., 1. ]
