%YAML:1.0
cameraMatrix: !!opencv-matrix
   rows: 3
   cols: 3
   dt: d
   data: [ 1.0841119790580519e+03, 0., 9.2691904914489146e+02, 0.,
       1.0753315461401626e+03, 5.4154979949661481e+02, 0., 0., 1. ]
distortionCoefficients: !!opencv-matrix
   rows: 1
   cols: 5
   dt: d
   data: [ 1.0442994135707345e-01, -8.1160054298155107e-02,
       -3.5905076793446259e-05, -1.0124220928504329e-02,
       1.9801467693672293e-02 ]
rotation: !!opencv-matrix
   rows: 3
   cols: 3
   dt: d
   data: [ 1., 0., 0., 0., 1., 0., 0., 0., 1. ]
projection: !!opencv-matrix
   rows: 4
   cols: 4
   dt: d
   data: [ 1.0841119790580519e+03, 0., 9.2691904914489146e+02, 0., 0.,
       1.0753315461401626e+03, 5.4154979949661481e+02, 0., 0., 0., 1.,
       0., 0., 0., 0., 1. ]
