%YAML:1.0
depthShift: 4.1278964969176741e+01
