%YAML:1.0
rotation: !!opencv-matrix
   rows: 3
   cols: 3
   dt: d
   data: [ 9.9983704755952818e-01, -1.0359909065470392e-02,
       -1.4783457362909650e-02, 1.0417520827677209e-02,
       9.9993841901091229e-01, 3.8253687093038231e-03,
       1.4742916511012831e-02, -3.9787523311201013e-03,
       9.9988340117367536e-01 ]
translation: !!opencv-matrix
   rows: 3
   cols: 1
   dt: d
   data: [ -5.5470017373444272e-02, 3.5922752289926294e-03,
       -3.4978429608104204e-02 ]
essential: !!opencv-matrix
   rows: 3
   cols: 3
   dt: d
   data: [ 4.1734913274748452e-04, 3.4961982828370826e-02,
       3.7256617640405217e-03, -3.4154939952634571e-02,
       1.4167188906105276e-04, 5.5980651757255265e-02,
       -4.1695499202766915e-03, -5.5429385830199199e-02,
       -1.5908702108126412e-04 ]
fundamental: !!opencv-matrix
   rows: 3
   cols: 3
   dt: d
   data: [ 1.9326853516409433e-07, 1.6293679396674960e-05,
       -2.6729813716725296e-03, -1.5945822391608237e-05,
       6.6563868358345730e-08, 1.4086979476917250e-02,
       6.3630440231822625e-03, -4.3144081939881576e-02, 1. ]
